LM=15
442 1447
669 1465
655 1421
1083 1485
1132 1455
942 1401
1018 1313
998 1299
943 1273
849 1350
868 1248
812 1236
702 1230
684 1261
638 1360
ID=att1

LM=15
372 1508
618 1527
602 1483
1061 1536
1106 1503
899 1449
983 1351
955 1335
892 1313
798 1404
807 1296
758 1288
651 1287
636 1314
585 1423
ID=att10

LM=15
380 1441
618 1455
603 1406
1040 1455
1089 1420
893 1372
971 1279
937 1260
874 1240
798 1324
805 1228
756 1219
644 1212
626 1241
579 1351
ID=att11

LM=15
420 1477
627 1491
612 1449
1016 1506
1065 1476
879 1422
958 1334
936 1324
880 1301
790 1378
799 1280
766 1274
657 1270
637 1302
596 1395
ID=att12

LM=15
398 1449
635 1465
618 1421
1058 1474
1106 1442
911 1391
981 1297
959 1285
900 1258
812 1343
824 1240
776 1230
663 1226
649 1251
599 1362
ID=att13

LM=15
443 1461
698 1475
682 1422
1122 1487
1174 1453
976 1398
1049 1309
1016 1288
954 1261
875 1343
876 1241
827 1232
708 1228
693 1255
658 1361
ID=att14

LM=15
395 1532
631 1546
618 1502
1046 1551
1092 1519
907 1462
981 1372
953 1357
889 1335
815 1417
817 1318
775 1313
663 1310
644 1343
597 1445
ID=att15

LM=15
421 1488
653 1497
638 1457
1050 1494
1090 1465
906 1420
972 1330
948 1317
889 1298
812 1381
821 1286
773 1280
673 1278
660 1301
612 1405
ID=att16

LM=15
452 1512
676 1529
660 1485
1096 1533
1143 1501
944 1452
1013 1364
988 1350
932 1330
844 1411
863 1315
812 1307
697 1304
684 1327
638 1432
ID=att17

LM=15
424 1483
645 1493
626 1454
1030 1499
1073 1469
895 1420
962 1337
936 1323
884 1303
803 1381
816 1290
768 1284
666 1282
652 1308
605 1405
ID=att18

LM=15
456 1482
687 1495
676 1449
1104 1514
1151 1481
963 1421
1036 1328
1012 1315
955 1290
866 1372
880 1271
833 1261
718 1254
700 1285
656 1391
ID=att19

LM=15
385 1465
620 1487
605 1445
1058 1503
1107 1472
911 1412
984 1325
955 1309
894 1286
812 1366
836 1270
790 1260
674 1248
657 1273
597 1383
ID=att2

LM=15
400 1463
648 1478
630 1429
1068 1492
1120 1461
921 1398
1001 1306
975 1291
912 1268
824 1355
841 1251
786 1241
673 1235
656 1265
606 1373
ID=att20

LM=15
413 1476
642 1489
629 1444
1040 1511
1088 1480
898 1426
984 1337
958 1323
901 1300
811 1378
820 1282
771 1275
671 1270
649 1300
604 1394
ID=att21

LM=15
451 1438
682 1454
664 1411
1097 1463
1145 1429
946 1381
1022 1290
1001 1277
942 1254
848 1337
865 1237
818 1232
709 1229
696 1252
643 1356
ID=att22

LM=15
423 1483
667 1499
648 1453
1093 1501
1136 1472
940 1417
1016 1320
988 1306
930 1286
837 1371
851 1268
804 1260
698 1251
681 1284
631 1391
ID=att23

LM=15
437 1474
672 1492
653 1448
1104 1489
1151 1457
955 1407
1021 1318
988 1299
931 1280
851 1369
865 1264
822 1257
710 1252
694 1280
638 1391
ID=att24

LM=15
434 1501
672 1518
657 1472
1102 1530
1152 1495
948 1439
1029 1341
1006 1326
942 1301
855 1390
863 1283
815 1275
695 1269
677 1301
634 1411
ID=att25

LM=15
429 1481
663 1494
650 1450
1079 1507
1130 1473
935 1419
1012 1323
998 1314
936 1289
846 1371
864 1271
816 1262
708 1257
689 1284
635 1394
ID=att26

LM=15
431 1514
667 1529
653 1484
1096 1533
1141 1499
942 1448
1021 1352
995 1336
946 1315
857 1399
871 1296
815 1287
698 1285
685 1315
639 1423
ID=att27

LM=15
426 1475
661 1493
647 1449
1087 1506
1133 1470
931 1419
1009 1323
978 1307
920 1287
838 1374
850 1272
805 1262
697 1257
677 1288
631 1388
ID=att28

LM=15
426 1475
661 1493
647 1449
1087 1506
1133 1470
931 1419
1009 1323
978 1307
920 1287
838 1374
850 1272
805 1262
697 1257
677 1288
631 1388
ID=att29

LM=15
423 1490
664 1510
648 1466
1081 1527
1133 1495
934 1436
1016 1341
992 1325
929 1300
839 1387
858 1284
807 1274
696 1269
683 1294
631 1410
ID=att3

LM=15
404 1530
626 1545
611 1501
1027 1559
1072 1534
879 1472
964 1387
930 1368
873 1350
796 1429
808 1335
765 1327
661 1321
646 1344
592 1445
ID=att30

LM=15
442 1502
666 1519
649 1476
1072 1536
1117 1505
925 1448
1000 1362
971 1344
917 1323
834 1402
847 1304
802 1296
695 1292
678 1320
627 1421
ID=att4

LM=15
383 1453
614 1467
601 1421
1039 1473
1087 1440
895 1384
966 1294
936 1278
876 1256
791 1340
799 1239
753 1231
641 1226
625 1256
581 1363
ID=att5

LM=15
394 1464
636 1480
614 1433
1056 1494
1106 1466
904 1402
990 1308
965 1292
902 1266
813 1349
828 1247
783 1239
666 1231
647 1262
594 1375
ID=att6

LM=15
386 1474
637 1490
620 1441
1067 1489
1111 1455
904 1404
982 1306
963 1296
893 1273
813 1360
822 1258
775 1250
660 1243
642 1273
593 1382
ID=att7

LM=15
427 1460
648 1474
634 1434
1042 1477
1080 1447
905 1403
974 1320
950 1307
898 1287
815 1366
830 1272
783 1263
680 1260
667 1281
620 1381
ID=att8

LM=15
383 1470
627 1486
612 1437
1041 1496
1087 1464
899 1407
972 1317
951 1304
897 1281
811 1364
824 1264
771 1254
661 1251
644 1277
592 1380
ID=att9

LM=15
330 1504
586 1519
571 1470
1044 1532
1097 1498
884 1438
977 1332
954 1318
890 1291
783 1383
803 1270
745 1261
627 1257
602 1294
549 1407
ID=btt1

LM=15
378 1519
601 1520
586 1480
991 1525
1035 1494
847 1446
914 1353
890 1342
835 1324
756 1405
765 1310
715 1304
615 1302
603 1326
566 1427
ID=btt10

LM=15
345 1579
592 1585
574 1540
1029 1581
1075 1550
879 1498
950 1403
926 1387
861 1361
772 1450
790 1349
728 1342
615 1341
598 1368
556 1476
ID=btt11

LM=15
370 1567
663 1595
640 1542
1164 1587
1216 1544
978 1499
1066 1383
1036 1367
969 1345
869 1445
881 1328
822 1318
704 1316
684 1346
618 1471
ID=btt12

LM=15
311 1641
569 1664
561 1612
1051 1681
1107 1642
880 1582
971 1473
951 1463
880 1435
778 1526
794 1415
738 1405
617 1397
594 1432
543 1548
ID=btt13

LM=15
394 1608
606 1620
594 1583
1007 1624
1054 1593
866 1541
936 1444
911 1432
862 1416
776 1505
800 1405
748 1398
652 1399
638 1423
583 1527
ID=btt14

LM=15
338 1557
607 1573
591 1522
1073 1584
1126 1554
910 1492
1002 1386
971 1369
895 1342
805 1435
813 1326
764 1318
639 1313
617 1346
568 1460
ID=btt15

LM=15
386 1544
640 1561
624 1515
1095 1581
1148 1547
937 1483
1026 1381
996 1363
931 1340
837 1430
847 1322
790 1313
679 1308
660 1337
603 1452
ID=btt16

LM=15
404 1574
680 1581
663 1526
1169 1577
1226 1539
992 1485
1084 1372
1056 1359
981 1334
884 1429
889 1316
834 1306
704 1301
684 1335
637 1459
ID=btt17

LM=15
398 1558
658 1575
644 1526
1121 1582
1174 1548
965 1488
1054 1384
1025 1369
964 1346
864 1438
882 1328
822 1319
697 1312
677 1344
622 1464
ID=btt18

LM=15
381 1493
639 1511
624 1460
1098 1510
1153 1471
934 1421
1023 1310
1006 1301
937 1272
839 1369
850 1253
797 1244
671 1239
650 1273
598 1394
ID=btt19

LM=15
361 1502
619 1517
601 1465
1108 1513
1161 1480
932 1422
1019 1316
1001 1306
931 1279
829 1377
847 1260
791 1252
671 1246
646 1279
586 1401
ID=btt2

LM=15
391 1494
662 1509
642 1456
1154 1511
1205 1477
978 1412
1069 1300
1045 1285
975 1256
867 1354
885 1236
825 1226
698 1220
680 1254
616 1387
ID=btt20

LM=15
404 1560
661 1569
642 1520
1117 1567
1169 1535
946 1474
1024 1375
987 1357
917 1334
839 1423
851 1318
804 1310
680 1310
661 1341
611 1457
ID=btt21

LM=15
439 1516
683 1533
666 1486
1116 1543
1163 1514
965 1457
1044 1365
1014 1349
960 1326
868 1410
890 1308
841 1299
724 1291
707 1319
652 1425
ID=btt22

LM=15
406 1554
642 1577
626 1530
1074 1587
1118 1555
926 1499
998 1407
974 1392
922 1370
826 1453
853 1351
798 1340
682 1331
667 1359
611 1466
ID=btt23

LM=15
407 1534
645 1542
633 1496
1067 1534
1110 1499
918 1457
990 1365
960 1349
900 1329
820 1414
833 1313
778 1306
666 1305
649 1333
611 1439
ID=btt24

LM=15
477 1625
709 1634
687 1588
1133 1630
1180 1597
980 1546
1049 1451
1025 1438
967 1415
881 1502
891 1398
837 1392
734 1392
714 1425
668 1531
ID=btt25

LM=15
360 1608
621 1619
602 1570
1059 1630
1105 1602
909 1534
984 1442
950 1423
884 1398
800 1486
814 1383
751 1371
647 1363
627 1395
576 1510
ID=btt26

LM=15
394 1498
619 1514
604 1471
1033 1532
1085 1501
884 1441
963 1350
937 1337
885 1317
789 1399
812 1299
760 1290
658 1289
637 1317
582 1414
ID=btt27

LM=15
342 1605
613 1621
589 1572
1072 1621
1124 1590
911 1525
988 1428
956 1411
878 1387
799 1478
802 1373
739 1361
634 1362
612 1395
564 1508
ID=btt28

LM=15
342 1622
571 1633
555 1590
981 1629
1020 1598
834 1551
901 1463
877 1449
827 1430
738 1514
751 1415
696 1408
593 1409
575 1438
533 1538
ID=btt29

LM=15
376 1509
637 1518
621 1466
1093 1507
1144 1469
932 1419
1014 1314
985 1300
914 1278
826 1375
837 1266
795 1256
666 1251
645 1287
599 1402
ID=btt3

LM=15
400 1590
638 1603
622 1554
1075 1601
1122 1572
927 1507
997 1414
960 1396
902 1376
825 1462
823 1361
775 1354
666 1350
648 1380
603 1488
ID=btt30

LM=15
369 1566
661 1597
639 1541
1163 1588
1215 1545
978 1498
1065 1385
1036 1369
967 1346
868 1445
881 1327
822 1319
703 1316
685 1346
618 1469
ID=btt4

LM=15
338 1561
602 1572
579 1523
1071 1570
1125 1532
902 1481
991 1373
966 1357
896 1330
798 1424
817 1314
758 1303
634 1296
611 1334
559 1455
ID=btt5

LM=15
301 1481
548 1490
536 1444
1006 1486
1049 1455
848 1401
928 1294
909 1285
843 1260
748 1354
763 1243
706 1237
592 1232
577 1259
520 1384
ID=btt6

LM=15
362 1516
622 1523
605 1474
1077 1516
1128 1483
919 1426
1001 1319
975 1306
911 1285
817 1381
832 1268
769 1260
650 1258
632 1289
586 1407
ID=btt7

LM=15
426 1571
673 1577
658 1531
1108 1583
1157 1548
958 1491
1032 1395
1001 1378
944 1356
862 1445
876 1340
818 1331
701 1327
684 1356
640 1468
ID=btt8

LM=15
475 1522
695 1529
679 1490
1072 1528
1113 1499
934 1451
997 1365
974 1354
918 1336
841 1419
851 1326
808 1319
709 1319
694 1347
653 1438
ID=btt9

LM=15
378 1481
610 1494
595 1449
1009 1501
1053 1474
875 1419
948 1336
922 1320
863 1297
783 1379
796 1281
742 1272
644 1268
625 1296
574 1398
ID=ctt1

LM=15
394 1525
637 1539
625 1490
1061 1550
1110 1515
914 1464
994 1371
968 1357
910 1332
819 1415
840 1313
787 1302
666 1298
645 1322
603 1430
ID=ctt10

LM=15
386 1490
610 1501
592 1462
1009 1518
1057 1489
871 1434
942 1343
918 1328
864 1308
780 1391
796 1292
747 1284
638 1280
623 1307
577 1404
ID=ctt11

LM=15
422 1440
644 1450
632 1406
1038 1456
1079 1431
895 1374
974 1283
947 1270
886 1251
808 1334
818 1237
771 1230
672 1226
653 1255
611 1352
ID=ctt12

LM=15
419 1531
653 1534
630 1490
1078 1528
1126 1494
927 1446
995 1352
964 1335
905 1315
822 1403
839 1301
780 1292
674 1292
661 1319
610 1431
ID=ctt13

LM=15
403 1607
659 1618
638 1566
1110 1607
1156 1574
947 1520
1024 1421
992 1403
931 1382
841 1474
861 1366
801 1358
676 1354
660 1386
615 1506
ID=ctt14

LM=15
403 1550
635 1552
612 1509
1066 1538
1108 1509
895 1461
982 1359
955 1347
895 1327
801 1421
822 1314
766 1307
658 1311
643 1338
591 1452
ID=ctt15

LM=15
343 1579
577 1589
558 1546
987 1590
1031 1561
847 1507
919 1418
891 1403
837 1382
749 1463
768 1364
715 1357
601 1355
582 1386
542 1484
ID=ctt16

LM=15
386 1639
622 1658
601 1611
1037 1672
1085 1646
893 1582
966 1498
935 1480
883 1456
797 1537
821 1437
769 1428
654 1424
641 1448
591 1554
ID=ctt17

LM=15
460 1519
708 1525
693 1477
1146 1511
1192 1471
978 1433
1065 1331
1038 1316
978 1293
888 1389
896 1279
845 1273
736 1276
718 1303
665 1417
ID=ctt18

LM=15
464 1543
706 1559
685 1512
1151 1560
1197 1530
990 1471
1068 1363
1044 1349
986 1325
892 1420
911 1306
860 1296
740 1289
723 1321
673 1446
ID=ctt19

LM=15
350 1576
580 1588
566 1544
1005 1593
1052 1561
855 1509
924 1418
903 1406
848 1384
755 1468
770 1367
721 1360
612 1357
595 1385
547 1488
ID=ctt2

LM=15
369 1559
592 1559
577 1518
979 1548
1021 1516
839 1482
905 1396
878 1384
822 1368
746 1445
762 1358
712 1353
607 1357
595 1378
550 1473
ID=ctt20

LM=15
425 1612
688 1634
670 1585
1125 1645
1171 1609
971 1551
1045 1448
1018 1432
961 1412
866 1506
885 1394
827 1386
713 1380
697 1409
647 1525
ID=ctt21

LM=15
356 1569
621 1582
607 1529
1101 1590
1151 1558
924 1496
1013 1393
983 1377
916 1353
819 1442
842 1336
772 1326
658 1320
641 1348
581 1467
ID=ctt22

LM=15
348 1544
596 1547
576 1502
1036 1528
1084 1492
878 1452
946 1349
925 1339
870 1323
771 1415
786 1309
737 1305
618 1305
603 1332
556 1441
ID=ctt23

LM=15
479 1523
723 1530
712 1480
1171 1526
1214 1497
1013 1436
1084 1341
1053 1321
996 1297
905 1387
925 1280
869 1272
751 1269
735 1297
686 1416
ID=ctt24

LM=15
425 1456
654 1473
641 1428
1068 1491
1119 1462
930 1401
1013 1307
989 1294
930 1267
836 1350
857 1247
808 1238
689 1231
673 1257
623 1368
ID=ctt25

LM=15
335 1526
576 1536
555 1490
999 1532
1042 1504
846 1449
923 1354
902 1342
850 1320
755 1403
775 1301
718 1293
602 1291
583 1321
539 1428
ID=ctt26

LM=15
365 1552
603 1558
582 1511
1013 1554
1058 1519
859 1474
941 1379
912 1364
846 1343
761 1429
774 1330
725 1325
622 1322
603 1353
563 1454
ID=ctt27

LM=15
460 1611
733 1621
716 1569
1187 1625
1238 1588
1025 1535
1113 1432
1094 1419
1029 1392
926 1477
945 1370
882 1359
763 1356
749 1383
692 1506
ID=ctt28

LM=15
383 1616
617 1627
597 1586
993 1635
1039 1612
864 1558
942 1472
911 1456
845 1434
773 1511
781 1423
736 1417
639 1413
616 1443
573 1533
ID=ctt29

LM=15
366 1492
590 1506
576 1467
991 1509
1036 1477
853 1433
920 1340
897 1327
843 1308
755 1393
773 1295
715 1288
617 1289
604 1314
562 1413
ID=ctt3

LM=15
361 1574
609 1587
593 1538
1035 1592
1083 1560
876 1506
954 1408
930 1394
873 1368
784 1456
799 1351
749 1343
641 1338
621 1369
568 1481
ID=ctt4

LM=15
375 1571
612 1578
592 1531
1045 1566
1090 1535
891 1484
964 1385
937 1372
875 1352
788 1445
801 1340
748 1334
633 1336
620 1364
572 1473
ID=ctt5

LM=15
321 1585
566 1601
546 1558
992 1611
1040 1581
837 1524
911 1428
891 1416
822 1387
741 1472
755 1373
708 1364
592 1359
572 1394
523 1499
ID=ctt6

LM=15
358 1528
599 1540
579 1495
1041 1523
1083 1490
883 1447
954 1349
919 1334
864 1317
775 1410
794 1302
742 1294
625 1290
608 1323
558 1433
ID=ctt7

LM=15
310 1484
561 1503
541 1456
1007 1507
1055 1476
854 1417
926 1319
900 1304
845 1279
752 1368
764 1261
708 1252
595 1247
577 1278
527 1388
ID=ctt8

LM=15
309 1643
555 1666
548 1615
1022 1668
1073 1641
863 1584
950 1490
917 1472
850 1450
758 1534
772 1432
714 1422
605 1419
585 1447
527 1556
ID=ctt9

