LM=15
-0.487230345382382 0.12311672023775
-0.2010386680189 0.145913815464678
-0.216678950282963 0.0907156060254311
0.311300414844947 0.171210331193867
0.371421101679516 0.134397474142627
0.13441616985162 0.0622410166565318
0.240996608412216 -0.0542226444703812
0.215579876294529 -0.070432987207869
0.14457742336458 -0.102155450219866
0.0226557454732206 -0.0016896862305885
0.0476923192888695 -0.127701470237453
-0.0170159897671601 -0.139136329130767
-0.149000530226473 -0.146382695440135
-0.177850059025674 -0.105556305423702
-0.239825116505946 0.0196826046398752
ID=btt1

LM=15
-0.487966262514712 0.121600376979129
-0.19292730020475 0.140856854322475
-0.209562293849658 0.086713767526639
0.322801628448048 0.178828994962282
0.383523798305437 0.141341451566449
0.1385839589261 0.062702301625989
0.234730670445742 -0.0549862424672399
0.20385343122067 -0.0714739350750663
0.132512930618512 -0.0997181711159995
0.0214507474311312 0.00112581070818647
0.0410006537831062 -0.123874033630354
-0.0246867767421458 -0.135835038877906
-0.15686716286333 -0.146522323782002
-0.174679378918156 -0.115724296892645
-0.231768644085992 0.0149644841500616
ID=btt10

LM=15
-0.490657084580234 0.120842533195061
-0.198799817663276 0.144337683610411
-0.217110647356103 0.0898976836204167
0.318533667499544 0.168611788037449
0.375019873277127 0.134984902982054
0.146558774903658 0.0604473829684921
0.236874326269818 -0.0472465199930993
0.209538640106566 -0.0677707805192528
0.134355458615619 -0.102848379317667
0.0231412843317899 -0.00344913209376597
0.0511425248724516 -0.121760360866598
-0.021751255908388 -0.134158351927978
-0.155388775764711 -0.142842382242652
-0.17729594079287 -0.112023292596094
-0.23416102781099 0.0129772251432226
ID=btt11

LM=15
-0.502642817946964 0.10599105355238
-0.197854430136442 0.149432400739133
-0.219317665511158 0.0929396528776091
0.32601765085359 0.165343570131137
0.38243545117068 0.12293491942922
0.135936427455633 0.0643801021515546
0.233504721392511 -0.0525621249146908
0.202933267001111 -0.0707332656836498
0.133990128222908 -0.0969676003592413
0.0246577291452246 0.00267755567259893
0.0428648562348305 -0.11899331693168
-0.0182998912432044 -0.132299582893264
-0.141503643994049 -0.14010568999918
-0.163854894553822 -0.109725920525522
-0.23886688809085 0.0176882467535959
ID=btt12

LM=15
-0.488490189931028 0.116275583935118
-0.206975830274415 0.145741638633707
-0.214844264838675 0.0887903099515366
0.319387247379124 0.172416135001287
0.381229765628325 0.130745164493737
0.134211231047136 0.0613716701064022
0.235472195623142 -0.0561955649058015
0.213786407285725 -0.0674589015237802
0.136680551498064 -0.0992455737351322
0.0237029548862155 -0.00152960051890133
0.0430507528817804 -0.122543418923078
-0.0179690180932156 -0.134410948292975
-0.150043419617207 -0.145185298759062
-0.175761882515754 -0.107330027481034
-0.233436500959218 0.0185588320179752
ID=btt13

LM=15
-0.489976598858419 0.119115163532215
-0.211817623810037 0.147211028964876
-0.225454952077454 0.0978426491937559
0.315386605045319 0.175758262160226
0.37900360321754 0.13771411408508
0.134748060810919 0.058402385550832
0.232453546650161 -0.0651105331069883
0.200268781903786 -0.0823467855670827
0.136741449113403 -0.106241794529575
0.0184608525368957 0.00581882786275579
0.0558252656368527 -0.124314276054814
-0.012161448527635 -0.136541792278259
-0.138494390772073 -0.140805661107912
-0.15830517814623 -0.110048392590325
-0.236677972723028 0.0235468038852126
ID=btt14

LM=15
-0.492650369138367 0.117397246075415
-0.196337487150627 0.143173756845691
-0.212451008695928 0.0864206419003376
0.317485277211387 0.169381570204911
0.376867806222216 0.13788102175988
0.140419334908047 0.0629519269777285
0.245125612198834 -0.05122322242151
0.211436175580888 -0.0709156880002969
0.128399997994067 -0.10300025101396
0.0262901330695742 -0.00310768612710554
0.0384099248570019 -0.123130179385035
-0.0154136303607037 -0.133436904714005
-0.153178574744955 -0.142728202580772
-0.178448082456426 -0.106982660181509
-0.235955109495008 0.017318630660229
ID=btt15

LM=15
-0.48706513735684 0.118735410972188
-0.199196316074691 0.143123707707249
-0.216427925865889 0.0906067194548505
0.31668382316988 0.174949511079766
0.377504342057128 0.137434177854721
0.13937059399986 0.0605793773503946
0.242404298938358 -0.0533718527528108
0.208725397629327 -0.0743980361803222
0.135432689637359 -0.101800712767476
0.0269657080599381 -0.00156590719653016
0.0404811340432487 -0.123911154423032
-0.0240150921957575 -0.135267554653324
-0.149865345189993 -0.143169174189904
-0.172006564903979 -0.110644490448456
-0.238991605947949 0.0186999781926866
ID=btt16

LM=15
-0.488034748461825 0.121469172513136
-0.19762555292037 0.145368383767744
-0.21224672873277 0.0863962215697494
0.317886137379797 0.17042700899437
0.380222783265759 0.133797731237498
0.136884499721248 0.0628877461325241
0.240590928382895 -0.0506755670359926
0.211864598571926 -0.0660506019190533
0.134332616991249 -0.096883418369981
0.0264337863797737 -0.00258539466493115
0.0384685479903004 -0.121357721539602
-0.0188886190747191 -0.135187329998426
-0.155572984767665 -0.148237807770573
-0.17868292850466 -0.113608416247379
-0.23563233622094 0.0142399933309182
ID=btt17

LM=15
-0.492198496401186 0.119699455503031
-0.203774387399778 0.146177237929108
-0.217902431028581 0.0913181958738768
0.310521606082082 0.167466504992181
0.370408647107698 0.131231151289847
0.139910803150948 0.058458517327648
0.241843942464725 -0.0545123330431352
0.210056269499716 -0.07202707623981
0.14294131532279 -0.0993658364227876
0.0291346079977445 -5.04136366799254e-05
0.0523461156494882 -0.121760744848104
-0.0140643882099265 -0.133512757952379
-0.152762581489762 -0.144938433960051
-0.175920968666375 -0.109962726953448
-0.240540054079582 0.0217792601407022
ID=btt18

LM=15
-0.486792359662711 0.119914003298613
-0.200393753388432 0.151381604132996
-0.214832107120237 0.093946212769661
0.31059266874699 0.170607872899819
0.373543295131253 0.129632963992241
0.131977923498152 0.0642686689994254
0.235965531325699 -0.0553464557265307
0.217437263637278 -0.0661201879309695
0.141915200320829 -0.101457605065076
0.0285285296621611 0.00217557729705154
0.0459143322782393 -0.126461891671065
-0.0126856198941947 -0.13882879676325
-0.152720009542983 -0.149977175585359
-0.177602450785454 -0.11306089376952
-0.240848444206589 0.0193261031219641
ID=btt19

LM=15
-0.488533979442697 0.11960201057688
-0.209577681274856 0.146703583107952
-0.226897296264605 0.0895969961263965
0.320494967297157 0.162929420527644
0.379316097816338 0.129396023822063
0.133599464713915 0.0569159552502253
0.23233348987247 -0.0542944982471403
0.213244625095044 -0.0658897596407896
0.138524542276809 -0.0980906421711199
0.0238729549713149 0.00381905371699913
0.0482966622091993 -0.122211119989703
-0.0120526567942298 -0.133235158203724
-0.141840064679453 -0.144781455190231
-0.170317273285215 -0.110071814804957
-0.24046385251119 0.0196114051195054
ID=btt2

LM=15
-0.482766150902534 0.124197799951107
-0.199090668907998 0.150631837619564
-0.217976866212409 0.0942477142268077
0.316915963538589 0.172155193212684
0.371755724131409 0.138503790239117
0.136209089624444 0.0613600106641429
0.236085299020189 -0.0525297062174145
0.211501522829997 -0.0692118161534362
0.139219756832094 -0.102394540565674
0.0220649460699188 -0.00386074974456246
0.04560453804996 -0.126926597211644
-0.0169379867931575 -0.139784981989374
-0.149918121295892 -0.151092558079276
-0.170142273020448 -0.116138857005049
-0.242524772964164 0.0208434610530069
ID=btt20

LM=15
-0.484261235899625 0.11769774351129
-0.192208724636363 0.146668235056064
-0.210278810400995 0.0894764579864758
0.327295550482849 0.177603129961121
0.388850141920998 0.144942590367942
0.139315141200989 0.0592291470042208
0.235365099106538 -0.0478477685092384
0.19454116206594 -0.0710410589668787
0.116493643324726 -0.102335050682639
0.0211645394435935 -0.00664805410225844
0.0424805373639672 -0.125365662219023
-0.0104729122495634 -0.137900920469809
-0.151697332373515 -0.146933885558256
-0.175595166730345 -0.11301016203308
-0.240991632619193 0.0154652586540688
ID=btt21

LM=15
-0.495869348014421 0.121995258042974
-0.201908834881574 0.146395714089706
-0.221656973407312 0.0894481216586467
0.320073417597052 0.165376370752732
0.377213216912705 0.131156952688097
0.139361564460775 0.0592569760179979
0.23609609568732 -0.0504210131562824
0.20017659251532 -0.0701941900855494
0.135425891183466 -0.0987926017354089
0.0231433481189301 0.00103022918703843
0.051301803160886 -0.12161716232353
-0.00764278638088409 -0.133253393062329
-0.148600586131059 -0.144770203547881
-0.169548372808057 -0.111277310024921
-0.237565028013147 0.015666251498708
ID=btt22

LM=15
-0.489621683397305 0.119652196094657
-0.203343674562125 0.15047053056783
-0.222195175187381 0.0932057594381511
0.321081256994328 0.167907338290607
0.374900580930628 0.129591367872264
0.142452864027163 0.0592409917365859
0.23100663356101 -0.0515866057922591
0.202048551220095 -0.0700940558511726
0.139176124792913 -0.0974448265618559
0.0215942853103669 0.00216041689689892
0.055625832330284 -0.121360441216424
-0.0110215173806277 -0.135390616537719
-0.15176064539901 -0.147739491618054
-0.170318183902296 -0.113924580712301
-0.239625249338043 0.0153120173927907
ID=btt23

LM=15
-0.493532970789232 0.116975345579557
-0.200316861817055 0.145527880247287
-0.211523853306557 0.087793058634305
0.321328409388654 0.168764704564691
0.377164761687917 0.128926969011795
0.143408961096639 0.0620049756051824
0.239522329247398 -0.0459328302551558
0.203739443088638 -0.0680405115407489
0.131230474066837 -0.0974415035318319
0.0257887520565493 0.00122563610353859
0.049764040074056 -0.122452801382352
-0.0175912514441567 -0.135411010098055
-0.15579160815585 -0.145434103141428
-0.178977642075094 -0.112197938983877
-0.234212983118745 0.0156921291870938
ID=btt24

LM=15
-0.480989598547215 0.118043763865121
-0.197572412056624 0.14702200448036
-0.220952860946592 0.0889867542840954
0.321977681818456 0.174940609928047
0.382089030747105 0.138165857761214
0.141112003619671 0.060230497274869
0.232964839761428 -0.0507684154201003
0.204579785298094 -0.0685461578631254
0.13533137098951 -0.101201330561989
0.0232801586752324 -0.00131536410472814
0.0435761724300541 -0.127901786477671
-0.0220887900948316 -0.139429287914157
-0.14822598375146 -0.147401740284119
-0.175272159949048 -0.108537725422549
-0.239809237993779 0.0177123204547316
ID=btt25

LM=15
-0.492569873618013 0.123232212126835
-0.189069902804881 0.145634182092684
-0.209391619933624 0.0878808081627266
0.320537562588194 0.174537080262479
0.375130633833384 0.143622196505014
0.1494020245449 0.057244385285811
0.240115648527407 -0.0471275356252642
0.201227389900454 -0.0704986403442668
0.125296938588495 -0.102033549937962
0.0242497668172647 -0.00265268833133943
0.0443371182434102 -0.122073047248886
-0.0285756291057162 -0.13835971784826
-0.149383940939209 -0.151495604520216
-0.173847579234316 -0.114970389040952
-0.237458537407748 0.0170603084615956
ID=btt26

LM=15
-0.483499431818377 0.117304655134282
-0.200521682017523 0.142581662723805
-0.218430890901374 0.0880898741451686
0.320414386184294 0.174682254405791
0.386602360833302 0.136829612066096
0.13485522563412 0.0566925609502983
0.236412226127868 -0.0561025295572308
0.20396738796077 -0.0730661005418186
0.138938366695864 -0.0994378377575264
0.0161804417915072 0.00163608188476186
0.0474209426930732 -0.123768404538348
-0.0178566534599452 -0.136287147979727
-0.146282598957386 -0.139872452247079
-0.173365013072494 -0.105090891063235
-0.244835067693699 0.0158086623747609
ID=btt27

LM=15
-0.490783953813529 0.110243077385676
-0.189218680849155 0.144731461367246
-0.213002912890259 0.0885537000088234
0.3232259739555 0.172894391913896
0.383181967396741 0.141473294553563
0.149368597598742 0.055840937402288
0.241288545028964 -0.0477325365812679
0.206608096999375 -0.0686739215600723
0.121005954736656 -0.100253593268199
0.0272157988434738 -0.0035041479635505
0.0370139566002399 -0.120548313049484
-0.0325816095143635 -0.13780891277867
-0.149875912982284 -0.143137671705823
-0.176460709341224 -0.10764581643319
-0.236985111768878 0.0155680507087625
ID=btt28

LM=15
-0.490217380027711 0.111617299674932
-0.198704236268341 0.142768079856252
-0.215916736468317 0.0866800301889465
0.324988470864429 0.168293671198664
0.37709221443522 0.131633739715015
0.143160326627742 0.0577381626362618
0.23526644267367 -0.0495955446053655
0.205674518298293 -0.0692603326092555
0.143263482060989 -0.0972512204905108
0.0233745652596936 0.00333144658392239
0.047366062570209 -0.122077548350891
-0.0223211845515705 -0.135122665951813
-0.153883112275796 -0.141542139044396
-0.179027745985243 -0.105866543052644
-0.24011568721327 0.0186535642508825
ID=btt29

LM=15
-0.495078690273677 0.120959951579386
-0.200852583893776 0.149982960337024
-0.215173256275518 0.0900783292431918
0.315129848105224 0.170498078691012
0.375494382357369 0.131250625609008
0.139589161323384 0.0594450627707891
0.23981735768469 -0.0532597563794066
0.208064885026662 -0.0711719313039361
0.129439778466412 -0.101156604680632
0.0230095566993039 0.00207590029576692
0.0433118814478766 -0.120277419085079
-0.00342011321983225 -0.134609236840383
-0.14880040760407 -0.149576465775046
-0.17512631954935 -0.110421654029558
-0.235405480294699 0.0161821595678626
ID=btt3

LM=15
-0.48301904992402 0.120373171482718
-0.200402568239902 0.151297551073828
-0.216279582273692 0.0919018491304843
0.320191478774247 0.177269767446071
0.378050300264229 0.145778580401243
0.150019800409265 0.0557172418300688
0.239426894643981 -0.0505058372123442
0.19653283901678 -0.074342244497033
0.128751086194464 -0.101926400185124
0.0314593211862821 -0.00449580978848644
0.0356374456900626 -0.124917164406698
-0.021078662271205 -0.136369087435931
-0.150638829006098 -0.148204761146417
-0.174023319923169 -0.113642774664901
-0.234627154541224 0.0120659179725212
ID=btt30

LM=15
-0.502795880906055 0.106165054004057
-0.198955835867267 0.151815587461496
-0.219411316275876 0.0922770254170994
0.326234057825979 0.165194615328241
0.38254684361563 0.122605745704437
0.136926518683959 0.0627098459710033
0.233004145855603 -0.0514698548916938
0.20341368123458 -0.0695121418176869
0.132325229163092 -0.0966887798440962
0.0243379022019303 0.00231228250844631
0.0432843713645983 -0.120453619769343
-0.0180313205647071 -0.131495083598171
-0.142300199906832 -0.140032432905243
-0.162480189115086 -0.109485764827726
-0.238098007309549 0.0160575212591805
ID=btt4

LM=15
-0.486488675150826 0.122735419845985
-0.19821929474004 0.148262817644163
-0.220877589021255 0.0934783166406585
0.314996763578881 0.17004462171171
0.376017683532523 0.131230563655336
0.134649723466954 0.0640355759632146
0.237539774729421 -0.0495739345742493
0.21100554030158 -0.0683564484135685
0.135801804930764 -0.101473127822478
0.0237802499534368 -0.00363991855896208
0.0501885550210102 -0.123015732234646
-0.0137985689829399 -0.138065407871959
-0.149103627399308 -0.152060616614916
-0.176208559765138 -0.111662665033545
-0.239283780455065 0.0180605356632589
ID=btt5

LM=15
-0.492704745128542 0.124181684351947
-0.209917786603091 0.147226783442766
-0.221311288181784 0.093857101987204
0.315498812991843 0.16623275620879
0.366408597431301 0.132897270982423
0.138689289149504 0.0606185023210968
0.235941045986741 -0.057961328886604
0.214613316740213 -0.0692630061962927
0.14021607831406 -0.101330718883527
0.0264338900653908 0.00156984144513703
0.0493522409603787 -0.124945959223877
-0.0157030123157838 -0.134763443265739
-0.146176023427596 -0.146368645722177
-0.164769674262872 -0.116177453206858
-0.23657074171976 0.0242266146457108
ID=btt6

LM=15
-0.492429061575815 0.124291044756159
-0.200673697282614 0.148910302021037
-0.216622630709987 0.0927452988296259
0.31113981594342 0.170359099247203
0.370583333716807 0.136556849638904
0.139365653407068 0.0590308455209291
0.238416818330795 -0.0559398066813782
0.210033448107701 -0.0722255606999693
0.139458451663465 -0.0999506846154585
0.0276295525328135 0.00188436694686496
0.0517677709930731 -0.124146213641972
-0.0185196220419531 -0.137196187108749
-0.15213131192217 -0.147111028416148
-0.174358494819243 -0.113430593371254
-0.23366002634336 0.0162222675742049
ID=btt7

LM=15
-0.491898709002007 0.126407288363295
-0.199636072426204 0.146232094104622
-0.215035663930578 0.090972612169873
0.315313810375962 0.175733402226537
0.375156105033331 0.136798980169295
0.142373899804372 0.0590378000509683
0.23497026584362 -0.050865058755701
0.19912692838095 -0.072596887128348
0.132741924334902 -0.101590633570643
0.0310292649419789 -0.000391785693171561
0.0530179476989638 -0.124043571572614
-0.0152188812198386 -0.13768993473001
-0.153598579857125 -0.14845130655241
-0.175228443839605 -0.11497575937797
-0.233113796138724 0.0154227602962775
ID=btt8

LM=15
-0.491243625529668 0.11302284845146
-0.191241971813547 0.142337135932294
-0.209604857958364 0.0876066030987371
0.324022917946903 0.174811494357582
0.38265316224873 0.138863091629187
0.142357231748264 0.057203673971528
0.236168303734181 -0.0546609493286121
0.20572604333267 -0.0717574456566276
0.130817932507331 -0.101381738561882
0.0181464359505446 0.0051249983684234
0.0401599047802726 -0.121062047026719
-0.0179728407383172 -0.134487487985691
-0.153256736672082 -0.143374785310654
-0.176268006014261 -0.10645954396697
-0.240463893522657 0.0142141520279432
ID=btt9

