LM=15
-0.481933573065176 0.124532450475328
-0.198656248298334 0.145197126862303
-0.216464860083221 0.0904265332177692
0.317877464178422 0.166882734893504
0.378757683962431 0.129078125581378
0.141347616538967 0.0632194246547814
0.235448915091791 -0.0471404771909585
0.21039114390834 -0.0644454378338967
0.141584748630517 -0.0964409793869202
0.0249486236553248 0.000341372637324089
0.0478425015385733 -0.127030412759594
-0.0220969953398221 -0.141556023204533
-0.159345469851259 -0.148174049698815
-0.181552214773479 -0.109367642132213
-0.238149336093074 0.0144772538845455
ID=att1

LM=15
-0.489694732352119 0.113051070223642
-0.198345468227932 0.143888971824985
-0.21585457453839 0.0911235996211464
0.327168260966204 0.169494195324806
0.381693524178539 0.131840625653148
0.137814904843085 0.0607720372046671
0.240818690992727 -0.0527189093564369
0.208123257536647 -0.0726531589188656
0.134086882905813 -0.100888506757197
0.0194494384741644 0.00395656741794696
0.0337709054621797 -0.123929989461415
-0.0241202849463139 -0.135076320027971
-0.151092077981521 -0.13986855758382
-0.169806361509476 -0.108325681987953
-0.234012365803607 0.0193340568233148
ID=att10

LM=15
-0.488271514220303 0.119376436577565
-0.197743335603376 0.148760095645912
-0.213577188121928 0.0880254409192685
0.318672871741002 0.170484020044598
0.380437319197585 0.130175937802048
0.143055971832822 0.0613465913780825
0.24329436664667 -0.0484456348784357
0.202666423582347 -0.0734462049211338
0.126601093097915 -0.10116419726334
0.0292718923467796 -0.00228258639466775
0.0427804601885653 -0.119401527702965
-0.0167191647167674 -0.132937359553955
-0.15341713019914 -0.147268466899997
-0.176936980125169 -0.112706786212747
-0.240115085647001 0.0194842414597703
ID=att11

LM=15
-0.47432706384401 0.122869015976277
-0.199958413100348 0.145922827859718
-0.21895310935249 0.0898693142358215
0.315876125920087 0.174236368020455
0.381539711032089 0.135489587346956
0.135909083757795 0.0598168519621847
0.242632154295998 -0.0552392396033478
0.213655814172409 -0.0689859251865223
0.139848172456032 -0.100714366008902
0.0187683482990921 -0.000490209918732798
0.0328312260271556 -0.130328028258102
-0.0108320791995095 -0.139004128579789
-0.155373052263396 -0.146669335443278
-0.182600467228506 -0.104644487472683
-0.239016450972398 0.017871755069947
ID=att12

LM=15
-0.486681466059825 0.120209496398149
-0.196538820951899 0.146223540850785
-0.216193937233436 0.0918182316734752
0.32183850258075 0.168675917094847
0.381552752052555 0.130737836738163
0.143848921864048 0.0629452775903571
0.232210529306415 -0.0504140625367087
0.20556089454421 -0.0657208121070977
0.133952519840873 -0.10041640241889
0.0237656542479499 0.00142267326518163
0.0412585781003849 -0.124536702979933
-0.017322044758872 -0.138092731401837
-0.155757918014283 -0.146047176260999
-0.173597726229048 -0.115773453642019
-0.237896439289823 0.0189683677365261
ID=att13

LM=15
-0.489668779026006 0.123173889261583
-0.185498446923776 0.147592397553354
-0.203011965996993 0.083805500674973
0.32062315359712 0.174717895295141
0.383761275238354 0.135673772877041
0.148902736012612 0.0640003702350422
0.238792822809165 -0.0401140762393288
0.200012101296293 -0.0661899266925291
0.126767223830294 -0.100309445962702
0.029918129719097 -0.00473902787849768
0.0342000718684404 -0.126551191486891
-0.024060130329413 -0.138779995545028
-0.166083559520932 -0.147149249550814
-0.18481782320631 -0.11534811688485
-0.229836809367947 0.0102172043435078
ID=att14

LM=15
-0.492964822232669 0.120189065252719
-0.20056771855611 0.147799552590489
-0.21480150357274 0.0926079666404971
0.314456843258303 0.171995065264614
0.372955026706522 0.134259364208132
0.145737219871139 0.0554740734251095
0.241512698842769 -0.0530580268864928
0.207400132199702 -0.0728946728361924
0.128896255235509 -0.10298252217586
0.0334648999048324 -0.00438290520392762
0.0402416656354313 -0.127209308912328
-0.0116879800071763 -0.135238306265324
-0.150610397942608 -0.143817625871487
-0.175629278311164 -0.10367151094799
-0.238403041031742 0.02092979171804
ID=att15

LM=15
-0.496174668497728 0.115151553391596
-0.193381811699293 0.143295955330143
-0.210177264631935 0.0899214059664191
0.32606100829407 0.16739113054356
0.380423959994397 0.132284961480486
0.142948225709562 0.0604438443848105
0.235621332197868 -0.0526077296203855
0.205149312382961 -0.0713041744185949
0.129325419104101 -0.10031811432545
0.0227599499167068 0.002801816001969
0.0412357032209033 -0.120812366749781
-0.0211188999271688 -0.13204743616314
-0.151767444689213 -0.141720786354621
-0.170393658857464 -0.112556082389823
-0.240511162517766 0.0200760229228122
ID=att16

LM=15
-0.480480549203624 0.110578659528084
-0.198998605246761 0.142559694701252
-0.217087163939906 0.0863575838228229
0.330083970646314 0.167400360335481
0.390820424665794 0.129290291774092
0.142357887927586 0.0581594489808553
0.233460977625125 -0.049484751436953
0.202616136694302 -0.0683059716372409
0.132987973314311 -0.0961501669320855
0.0182758494559579 0.00177676462934553
0.0467414337720541 -0.118306111093548
-0.0171487213038074 -0.130791586690385
-0.161925044402765 -0.139993622887678
-0.179393081223456 -0.111620221405731
-0.242311488781123 0.0185296283116856
ID=att17

LM=15
-0.489878289953968 0.116363370180052
-0.194275609494172 0.141300243549405
-0.217697753616938 0.0880506363705934
0.321285757235255 0.169438526457873
0.38046906102579 0.131485321276389
0.14451855649455 0.0565362564249619
0.238627461197126 -0.0511808394283362
0.204520310978728 -0.0712971487022849
0.135887475979322 -0.100810497982441
0.0232812886793523 -0.000524280718078651
0.0454507290555665 -0.121779844068828
-0.0185522793576317 -0.132325437469902
-0.155121109248062 -0.140330398455324
-0.175237657045295 -0.106222982545965
-0.243277941929621 0.0212970751118872
ID=att18

LM=15
-0.483933405051273 0.128001602052338
-0.198545921885419 0.147385695162946
-0.211486027013938 0.0903608145417216
0.316696980518569 0.176851826251921
0.375273788376761 0.136729810643793
0.143718188122222 0.0598604528571835
0.235298413607376 -0.0540634807870138
0.205814463233455 -0.0704792343970605
0.135706426160508 -0.102202203882525
0.0245053360727051 -0.00210580896790794
0.0432607437810775 -0.126765897671104
-0.0146996275605249 -0.139801963796837
-0.156766760344266 -0.150104216045221
-0.179463411980239 -0.112039260276814
-0.235379186037015 0.0183718643145798
ID=att19

LM=15
-0.494526735947015 0.120825197980182
-0.208895685290558 0.146593642958913
-0.227293439865045 0.0956198195785488
0.323355663618872 0.164243522482196
0.382766230183261 0.126375752557225
0.144368619047414 0.0542752688650099
0.232716223810646 -0.0517368085157219
0.197416061742727 -0.0710587773433102
0.123204491243189 -0.0987561298453084
0.0238923978296574 -0.00121376794478335
0.0526543457430994 -0.117961676227798
-0.00328086092826518 -0.129923606607337
-0.144274051749415 -0.144026086227444
-0.16482803926146 -0.113577762777078
-0.237275220177108 0.0203214110667042
ID=att2

LM=15
-0.490188971914443 0.12325591420889
-0.191091205366486 0.146684996392219
-0.211772192199324 0.0871396506420694
0.315692416801691 0.172595087742655
0.379138514953196 0.136282565588633
0.140228889514839 0.0559530669348665
0.238789003444741 -0.053406689956992
0.207719781526626 -0.0720744477299358
0.132150945254867 -0.101194427728764
0.0240391523270183 0.00195662990410726
0.0467939431839214 -0.123242016453263
-0.019394558816051 -0.13649482098864
-0.155695353272255 -0.146162267231975
-0.176863547686845 -0.110306808762873
-0.239546817751497 0.0190135674390014
ID=att20

LM=15
-0.487511224095731 0.121292389955822
-0.193516906029288 0.139976902246368
-0.20982345058229 0.0820706506179974
0.317452449028901 0.171680263036264
0.379367429591791 0.132283088345204
0.135817013912199 0.0612819074083302
0.247034741562575 -0.0522756586042129
0.213764437776934 -0.0704818845791612
0.140758098505298 -0.10051520376923
0.0244961538016706 -0.00111847812023514
0.0368896610459656 -0.124335023584372
-0.0259796338408364 -0.133750969469528
-0.154370929211697 -0.14104038358455
-0.182883426731146 -0.102703132752054
-0.241494414734344 0.0176355328533592
ID=att21

LM=15
-0.486312117615355 0.115025797659741
-0.196611139694585 0.14302613198856
-0.217757331427433 0.088381735380889
0.324521466461126 0.168521360383428
0.385994622537531 0.127442302330814
0.137596698255639 0.060327136893086
0.236200109425878 -0.0514147165640565
0.210257331331622 -0.0684672799859818
0.136911211532132 -0.0993831237070371
0.0159664591596497 0.00169153752111639
0.040744182009688 -0.123375516506614
-0.0181396228070997 -0.131265338221548
-0.154993826307964 -0.138761346226929
-0.17211513259494 -0.110305609465996
-0.242262910265888 0.0185569285205285
ID=att22

LM=15
-0.491355646737425 0.121152640438081
-0.194803028135344 0.150096195509028
-0.216160246775258 0.0933353516581552
0.323955146378859 0.16904399536959
0.377450675516755 0.135390184604548
0.140868763743734 0.0608078758058448
0.237190716844722 -0.0543846085678697
0.203631682586858 -0.0725209385948249
0.133766895935606 -0.0991278255802433
0.0172065143349775 0.000791306383291015
0.0382492736177808 -0.12411216702871
-0.018683358600269 -0.135677250645133
-0.147435621331186 -0.150746217510175
-0.169419297215937 -0.111214311764403
-0.234462470163874 0.0171657699228216
ID=att23

LM=15
-0.490759738128825 0.114089686695577
-0.20343331541313 0.147697797427284
-0.224574115658318 0.0928021712735228
0.326522133128587 0.165227455843397
0.385734684443813 0.128288586442571
0.147809978876285 0.0573455844908742
0.233127480642708 -0.0485682499789682
0.193591550503485 -0.0734877056280183
0.124616845515043 -0.0995891391722187
0.022131874302558 0.00563329242066135
0.0444544072272376 -0.122451812395058
-0.00794073987431212 -0.13314798915642
-0.145054215588474 -0.144776960423936
-0.166051568069576 -0.111222288858888
-0.240175261907081 0.0221595710196169
ID=att24

LM=15
-0.479561772118551 0.120086252697766
-0.195453254178888 0.147895454359972
-0.211947807838937 0.0924093114308713
0.318438672136435 0.175757081305354
0.379336708073746 0.135469390194765
0.13711820660913 0.0620853615681678
0.237070631611936 -0.0525743490169728
0.210033695541921 -0.0712366936272914
0.134277540280915 -0.103146459066472
0.0274312387951727 0.00056105212372458
0.0403619648509948 -0.127156002537865
-0.0167936598459245 -0.138232065778785
-0.160120715320933 -0.149178003356479
-0.182653461161935 -0.111473039336565
-0.237537987435083 0.0187327090398092
ID=att25

LM=15
-0.493926887321453 0.128352272715167
-0.203968266672817 0.14804588426872
-0.219417472326578 0.0932876096903026
0.311668444151088 0.170515629251514
0.375425059320858 0.129135589268941
0.134452274171014 0.0591991084467424
0.231396473110251 -0.0586620201518915
0.214168785229715 -0.0700383720524134
0.137672659143608 -0.1019834410028
0.0248238968856521 -0.00167802321837853
0.048668028506916 -0.125402031358863
-0.0107137481849309 -0.137294470242262
-0.14455705783581 -0.145143284396073
-0.16852797102515 -0.111953234296047
-0.237164217152365 0.0236187830773427
ID=att26

LM=15
-0.489649841763207 0.123032739090515
-0.20330231953677 0.149733129512584
-0.218707280266044 0.0945281104805612
0.318050833183076 0.169986794524002
0.373974020715781 0.130270716556261
0.133896834927348 0.0611345094093667
0.233373460041815 -0.0527294836662412
0.202341301856949 -0.0731116833875872
0.143525916508771 -0.100397992192839
0.0323237286165413 -0.00147887173044984
0.0530367654542183 -0.126184488218603
-0.0147121792102938 -0.139133634857223
-0.156865603756032 -0.145762892807098
-0.173746040057145 -0.10976135526897
-0.233539596715009 0.0198744025557216
ID=att27

LM=15
-0.489716043112335 0.116979561021461
-0.199428719413049 0.146007736538602
-0.215488947755301 0.0911566433368402
0.327356946865986 0.174337997582215
0.385315296531733 0.131112088103425
0.136814237345213 0.0621949325198923
0.236095440895793 -0.0543591925582059
0.19819479731054 -0.075049402498153
0.126996377503688 -0.101466221214591
0.0230229046542148 0.00383585378928409
0.040804249221895 -0.122040532976384
-0.0145948682275643 -0.1357082588559
-0.148098078959417 -0.144999661412352
-0.173737720582942 -0.107213575797437
-0.233535872278455 0.0152120324213045
ID=att28

LM=15
-0.489716043112335 0.116979561021461
-0.199428719413049 0.146007736538602
-0.215488947755301 0.0911566433368402
0.327356946865986 0.174337997582215
0.385315296531733 0.131112088103425
0.136814237345213 0.0621949325198923
0.236095440895793 -0.0543591925582059
0.19819479731054 -0.075049402498153
0.126996377503688 -0.101466221214591
0.0230229046542148 0.00383585378928409
0.040804249221895 -0.122040532976384
-0.0145948682275643 -0.1357082588559
-0.148098078959417 -0.144999661412352
-0.173737720582942 -0.107213575797437
-0.233535872278455 0.0152120324213045
ID=att29

LM=15
-0.489761119127102 0.121282448541321
-0.19506693581483 0.148484011529017
-0.214148742222442 0.094458140485655
0.315041094286781 0.174005780286068
0.379036876001158 0.135434555583235
0.136180840513283 0.060982512936197
0.237601703756899 -0.054344246874985
0.208412594586449 -0.0741955329702461
0.131600587062548 -0.105501582691249
0.0204800572510654 -5.53567785420986e-05
0.0448956542798233 -0.125885213456416
-0.0174013510767047 -0.138699512219739
-0.153179985859272 -0.146074476785131
-0.16937227232467 -0.115627498338649
-0.234319001312985 0.0257359707534645
ID=att3

LM=15
-0.486278537366284 0.124561118114925
-0.197943251951735 0.147441352310266
-0.216770306551568 0.0900203948790517
0.323076564140971 0.171747998114436
0.381950063035547 0.139936310119966
0.132028567679406 0.0564085947007727
0.243806351489956 -0.0527828955484126
0.199903942843131 -0.0779964614377799
0.126087870695412 -0.102262941340173
0.0247955635127094 -0.000749183923501043
0.0418259287971721 -0.122751263793686
-0.0139457305430309 -0.1338051664497
-0.149037524720216 -0.143188523802232
-0.168885761756426 -0.113519859783369
-0.240613739305044 0.0169405278394362
ID=att30

LM=15
-0.481568002474614 0.119409728021039
-0.194687897650775 0.14545485785605
-0.215668613160574 0.0899998085078253
0.325543296514036 0.174951341266644
0.383828221552511 0.136058177228191
0.138736607509527 0.0593343260865032
0.23652908703977 -0.049508551029575
0.199688597659769 -0.0731368521598264
0.130850284044848 -0.101086416135906
0.0229332059549425 -0.00137048946255849
0.0414599204981041 -0.126774710023193
-0.0160853403924053 -0.137885497082738
-0.153199759667867 -0.145043763006908
-0.175527317099621 -0.109466061199253
-0.242832290327649 0.019064101133707
ID=att4

LM=15
-0.482661915251985 0.119617247699026
-0.199941338327861 0.147032053661084
-0.213847675208576 0.0900329435959312
0.32108970108559 0.173236297061554
0.381428780421479 0.13488746119508
0.148407339814188 0.0576858626177664
0.239486027642929 -0.0495587674573021
0.203398482098858 -0.0705141215216379
0.130779076828733 -0.10015937869853
0.0227948802166448 -0.000895297671883648
0.0370864566778623 -0.124425422961128
-0.018981896926753 -0.136277760446955
-0.156137369925971 -0.147376673490692
-0.177092966582044 -0.111288857723813
-0.235807582563094 0.0180044141414979
ID=att5

LM=15
-0.483814800387276 0.127325721126781
-0.191705986521179 0.150118952603171
-0.217607513602051 0.0930278362874924
0.315459993854525 0.173043788779974
0.376260904102376 0.139934056707401
0.133159978410944 0.0597315784141663
0.238392446602256 -0.0525899407679397
0.208420808522878 -0.0722758501464217
0.132689215285274 -0.104585277804643
0.0239882810657071 -0.00559414019338886
0.0435683273489631 -0.128596585025977
-0.010678648194046 -0.138905187738847
-0.151900172617383 -0.15024365137005
-0.175295643987368 -0.113068031807194
-0.240937189883622 0.0226767309354772
ID=att6

LM=15
-0.493915117923196 0.117531428589185
-0.192313337744794 0.149381008578896
-0.21034034241901 0.0894947653803616
0.325801059512074 0.169717333728115
0.380516199454367 0.130958322257929
0.133678312945552 0.0591438388307521
0.232561720378551 -0.0550188505452619
0.210169973452255 -0.0680196108277369
0.126987758738448 -0.0992363570424815
0.0262442899350815 0.00157377338088704
0.0421975125694753 -0.120865302943452
-0.0140277727831127 -0.132858101406926
-0.152229002935283 -0.147051778453075
-0.175417965763078 -0.111809591802369
-0.239913287417332 0.0170591222751783
ID=att7

LM=15
-0.497062326446086 0.118202137501264
-0.202500524247408 0.144331086595864
-0.219844231362386 0.0904594435163193
0.323384776285442 0.161600166349326
0.375126372293276 0.122829514008171
0.142981154332836 0.0581970013160908
0.237890245729193 -0.0502858081006845
0.206287863477672 -0.068448874570412
0.13754034454342 -0.0968994130951894
0.0240777816236669 0.00577094319631297
0.0472656197097805 -0.119213501734429
-0.0151752996589315 -0.132810038129048
-0.152578759007835 -0.140282536150795
-0.170641440553526 -0.112683469986466
-0.236751576719113 0.0192333492836734
ID=att8

LM=15
-0.499368852102047 0.125131420640392
-0.197483893977432 0.149070988228769
-0.215230844603941 0.0881392978916641
0.315027007810176 0.168455317726864
0.372532767024516 0.129605852112598
0.140683810958428 0.0558414146786386
0.232606615701408 -0.0543765258252807
0.20681939669633 -0.0708308853479249
0.140335604631979 -0.100226036275788
0.0324337090473199 0.00110320798331085
0.0502232176351193 -0.122512508038257
-0.0152387562257523 -0.135791730180565
-0.151407173644607 -0.141367527952834
-0.172898752802999 -0.109457115011666
-0.239033856148497 0.017214829370078
ID=att9

